# n=9 nodes
9
# upper bounds, 0 if arc does not exist
0 0 0 5 6 0 0 0 7
4 0 0 0 0 0 0 0 0
0 3 0 0 0 7 3 0 0
0 0 0 0 4 0 0 0 0
0 0 3 0 0 0 0 0 0
0 0 0 0 0 0 0 6 0
3 1 0 0 0 0 0 0 0
9 0 0 0 0 0 0 0 0
0 0 5 0 0 0 0 2 0
# cost matrix
100 100 100 3 4 100 100 100 1
8 100 100 100 100 100 100 100 100
100 4 100 100 100 1 1 100 100
100 100 100 100 14 100 100 100 100
100 100 5 100 100 100 100 100 100
100 100 100 100 100 100 100 8 100
3 1 100 100 100 100 100 100 100
5 100 100 100 100 100 100 100 100
100 100 2 100 100 100 100 4 100
# supply/demands
5 -2 7 -1 -6 4 -3 3 -7